a = (1+(2^-51+2^-53))-1;
a_check = 2^-51;

b = (1+(2^-51+2^-52+2^-53))-1;
b_check = 2^-50;
